# oST version 5.0 parameters


[image]

width
2592

height
1944

[narrow_stereo]

camera matrix
1521.017691 0.000000 1259.696220
0.000000 1509.856987 984.742503
0.000000 0.000000 1.000000

distortion
-0.322508 0.079336 -0.002401 0.001096 0.000000

rectification
1.000000 0.000000 0.000000
0.000000 1.000000 0.000000
0.000000 0.000000 1.000000

projection
1065.073364 0.000000 1253.457068 0.000000
0.000000 1263.626953 980.879055 0.000000
0.000000 0.000000 1.000000 0.000000
