# oST version 5.0 parameters


[image]

width
3072

height
2048

[narrow_stereo]

camera matrix
1065.707036 5.536122 1526.633740
0.000000 969.563964 1015.150016
0.000000 0.000000 1.000000

distortion
-0.084793 0.638746 -0.702435 0.142166

rectification
1.000000 0.000000 0.000000
0.000000 1.000000 0.000000
0.000000 0.000000 1.000000

projection
1065.707036 5.536122 1526.633740 0.000000
0.000000 969.563964 1015.150016 0.000000
0.000000 0.000000 1.000000 0.000000
