# oST version 5.0 parameters


[image]

width
2592

height
1944

[narrow_stereo]

camera matrix
1902.804709 0.000000 1280.614345
0.000000 1902.952103 993.985476
0.000000 0.000000 1.000000

distortion
-0.306470 0.108102 -0.002143 0.008210 0.000000

rectification
1.000000 0.000000 0.000000
0.000000 1.000000 0.000000
0.000000 0.000000 1.000000

projection
1609.946533 0.000000 1315.318212 0.000000
0.000000 1740.671021 993.199240 0.000000
0.000000 0.000000 1.000000 0.000000
