# oST version 5.0 parameters


[image]

width
1920

height
1080

[narrow_stereo]

camera matrix
1004.167138 0.000000 971.788306
0.000000 993.237256 469.534838
0.000000 0.000000 1.000000

distortion
0.008296 -0.004003 -0.001509 -0.001601 0.000000

rectification
1.000000 0.000000 0.000000
0.000000 1.000000 0.000000
0.000000 0.000000 1.000000

projection
1009.411072 0.000000 966.586951 0.000000
0.000000 999.032654 466.488770 0.000000
0.000000 0.000000 1.000000 0.000000
